
================================================================================
RAW NUMBERS
================================================================================
attack         label                k   ni       U_tr       U_ss       I_tr       I_ss         E_U        E_I        R_U        R_I
-----------------------------------------------------------------------------------------------------------------------------------
netsafe        1c_medium100         1  100     2.1442    35.0495     3.3138    64.8197      0.2500     0.4375  1428.5714     2.1875
netsafe        1c_medium100         1  100     2.4367    30.5517     4.0448    71.0372      0.2500     0.4375  1428.5714     2.1875
netsafe        1c_medium100         1  100     1.6569    33.1178     3.6062    56.9692      0.2500     0.4375  1428.5714     2.1875
netsafe        2c_medium100         2  100     2.1930    22.4476     1.9006    68.6525      0.4375     0.4375  1750.0000     2.1875
netsafe        2c_medium100         2  100     1.8031     8.3772     1.6082    50.4423      0.4375     0.4375  1750.0000     2.1875
netsafe        2c_medium100         2  100     2.6803    36.4510     2.3392    71.0947      0.4375     0.4375  1750.0000     2.1875
netsafe        2c_medium100         2  100     1.5107    34.4505     1.8518    85.0632      0.4375     0.4375  1750.0000     2.1875
netsafe        2c_medium100         2  100     1.2671    35.1741     1.3158    79.3692      0.4375     0.4375  1750.0000     2.1875
netsafe        3c_medium100         3  100     1.1696    11.4967     1.9006    50.4441      0.5781     0.4375  1778.8462     2.1875
netsafe        3c_medium100         3  100     3.8986    40.3929     4.9220    83.6751      0.5781     0.4375  1778.8462     2.1875
netsafe        3c_medium100         3  100     2.9727    49.2452     3.8012    80.0822      0.5781     0.4375  1778.8462     2.1875
netsafe        2c_sparse200         2  200     2.0955    23.7735     0.8642    60.9755      0.4375     0.2500     2.1875  1240.7839
netsafe        2c_sparse200         2  200     1.2671    11.9956     0.5185    42.7380      0.4375     0.2500     2.1875  1240.7839
netsafe        2c_sparse200         2  200     1.2671    24.4152     1.0370    64.0361      0.4375     0.2500     2.1875  1240.7839
netsafe        2c_sparse200         2  200     5.1657    63.2310     0.9383    53.3926      0.4375     0.2500     2.1875  1240.7839
netsafe        2c_medium100_im      2  100     2.1930    22.4476     1.9006    68.6525      0.4375     0.4375     2.1875  1582.3613
netsafe        2c_medium100_im      2  100     1.8031     8.3772     1.6082    50.4423      0.4375     0.4375     2.1875  1582.3613
netsafe        2c_medium100_im      2  100     2.6803    36.4510     2.3392    71.0947      0.4375     0.4375     2.1875  1582.3613
netsafe        2c_medium100_im      2  100     4.4834    59.7016     1.5595    74.1943      0.4375     0.4375     2.1875  1582.3613
netsafe        2c_dense50           2   50     2.3879    26.1751     2.1842    78.9067      0.4375     0.6836     2.1875  1602.8534
netsafe        2c_dense50           2   50     0.9259    14.0278     2.8490    65.4665      0.4375     0.6836     2.1875  1602.8534
netsafe        2c_dense50           2   50     2.0468    28.0208     2.9440    83.3440      0.4375     0.6836     2.1875  1602.8534
netsafe        2c_dense50           2   50     5.8479    73.0638     3.8936    89.8409      0.4375     0.6836     2.1875  1602.8534
corba          1c_medium100         1  100     0.7678    33.1469     0.4917    39.7409      0.2500     0.4375  1428.5714     2.1875
corba          1c_medium100         1  100     0.8285    30.7030     0.5051    39.5050      0.2500     0.4375  1428.5714     2.1875
corba          2c_medium100         2  100     1.6569    76.0330     1.0777    71.7508      0.4375     0.4375  1750.0000     2.1875
corba          2c_medium100         2  100     1.5626    80.0297     1.1585    76.2409      0.4375     0.4375  1750.0000     2.1875
corba          2c_medium100         2  100     1.6569    87.7712     1.5127    81.4956      0.4375     0.4375  1750.0000     2.1875
corba          2c_medium100         2  100     1.9527    47.5247     1.7422    42.1053      0.4375     0.4375  1750.0000     2.1875
corba          3c_medium100         3  100     1.4952    68.2640     1.2730    67.9868      0.5781     0.4375  1778.8462     2.1875
corba          3c_medium100         3  100     1.5761    80.6205     1.2730    81.1535      0.5781     0.4375  1778.8462     2.1875
corba          3c_medium100         3  100     1.7714    89.1859     1.6470    79.0205      0.5781     0.4375  1778.8462     2.1875
corba          3c_medium100         3  100     1.8388    92.0132     1.5217    78.0921      0.5781     0.4375  1778.8462     2.1875
corba          2c_sparse200         2  200     1.4481    81.4323     1.0084    80.9916      0.4375     0.2500     2.1875  1240.7839
corba          2c_sparse200         2  200     1.3740    76.5589     1.0902    66.0456      0.4375     0.2500     2.1875  1240.7839
corba          2c_sparse200         2  200     1.5222    79.7965     1.1128    68.0464      0.4375     0.2500     2.1875  1240.7839
corba          2c_medium100_im      2  100     1.6569    76.0330     1.0777    71.7508      0.4375     0.4375     2.1875  1582.3613
corba          2c_medium100_im      2  100     1.5626    80.0297     1.1585    76.2409      0.4375     0.4375     2.1875  1582.3613
corba          2c_medium100_im      2  100     1.6569    87.7712     1.5127    81.4956      0.4375     0.4375     2.1875  1582.3613
corba          2c_medium100_im      2  100     1.9527    47.5247     1.7422    42.1053      0.4375     0.4375     2.1875  1582.3613
corba          2c_dense50           2   50     1.6973    84.2030     1.1071    74.0098      0.4375     0.6836     2.1875  1602.8534
corba          2c_dense50           2   50     1.6771    90.9769     1.2138    84.6046      0.4375     0.6836     2.1875  1602.8534
corba          2c_dense50           2   50     1.6838    83.3047     1.4478    59.1738      0.4375     0.6836     2.1875  1602.8534
corba          2c_dense50           2   50     1.7445    89.2904     1.5699    75.0000      0.4375     0.6836     2.1875  1602.8534
toma           1c_medium100         1  100     2.0314    49.1063     1.4543    63.8020      0.2500     0.4375  1428.5714     2.1875
toma           1c_medium100         1  100     1.8006    53.6354     1.2004    60.9594      0.2500     0.4375  1428.5714     2.1875
toma           1c_medium100         1  100     3.0933    70.3592     1.6159    68.5199      0.2500     0.4375  1428.5714     2.1875
toma           1c_medium100         1  100     2.5162    62.2382     1.5466    66.5970      0.2500     0.4375  1428.5714     2.1875
toma           2c_medium100         2  100     3.1856    71.8461     2.4469    88.4905      0.4375     0.4375  1750.0000     2.1875
toma           2c_medium100         2  100     2.4469    63.4982     2.1237    90.0030      0.4375     0.4375  1750.0000     2.1875
toma           2c_medium100         2  100     2.0314    54.0539     2.1006    89.9247      0.4375     0.4375  1750.0000     2.1875
toma           2c_medium100         2  100     3.9012    80.9436     2.4007    86.7070      0.4375     0.4375  1750.0000     2.1875
toma           2c_medium100         2  100     3.5319    79.8756     2.4469    87.6543      0.4375     0.4375  1750.0000     2.1875
toma           3c_medium100         3  100     2.5392    76.0289     3.1163    92.8521      0.5781     0.4375  1778.8462     2.1875
toma           3c_medium100         3  100     2.8624    80.2560     3.0702    90.5498      0.5781     0.4375  1778.8462     2.1875
toma           3c_medium100         3  100     2.8393    81.5033     2.8163    91.3447      0.5781     0.4375  1778.8462     2.1875
toma           3c_medium100         3  100     3.3933    84.3034     2.1930    82.8040      0.5781     0.4375  1778.8462     2.1875
toma           2c_sparse200         2  200     3.2779    71.4262     2.1053    84.1490      0.4375     0.2500     2.1875  1240.7839
toma           2c_sparse200         2  200     4.1090    83.9735     2.5328    83.4633      0.4375     0.2500     2.1875  1240.7839
toma           2c_sparse200         2  200     4.0628    85.0414     2.5328    84.2890      0.4375     0.2500     2.1875  1240.7839
toma           2c_sparse200         2  200     4.0397    79.8508     2.0565    78.0337      0.4375     0.2500     2.1875  1240.7839
toma           2c_sparse200         2  200     3.2779    75.7201     2.0100    80.9809      0.4375     0.2500     2.1875  1240.7839
toma           2c_medium100_im      2  100     3.1856    71.8461     2.4469    88.4905      0.4375     0.4375     2.1875  1582.3613
toma           2c_medium100_im      2  100     2.4469    63.4982     2.1237    90.0030      0.4375     0.4375     2.1875  1582.3613
toma           2c_medium100_im      2  100     2.0314    54.0539     2.1006    89.9247      0.4375     0.4375     2.1875  1582.3613
toma           2c_medium100_im      2  100     3.9012    80.9436     2.4007    86.7070      0.4375     0.4375     2.1875  1582.3613
toma           2c_medium100_im      2  100     3.5319    79.8756     2.4469    87.6543      0.4375     0.4375     2.1875  1582.3613
toma           2c_dense50           2   50     2.9778    75.0572     3.3288    98.0379      0.4375     0.6836     2.1875  1602.8534
toma           2c_dense50           2   50     3.8089    87.3495     3.8687    99.2668      0.4375     0.6836     2.1875  1602.8534
toma           2c_dense50           2   50     3.6704    89.2620     3.7337    99.0815      0.4375     0.6836     2.1875  1602.8534
toma           2c_dense50           2   50     3.3933    76.3370     3.7787    99.0060      0.4375     0.6836     2.1875  1602.8534
toma           2c_dense50           2   50     3.3472    80.7669     2.2942    96.0587      0.4375     0.6836     2.1875  1602.8534
mama           1c_medium100         1  100     1.2136    41.2668     0.0000     0.0000      0.2500     0.4375  1282.9451     2.1875
mama           1c_medium100         1  100     1.1506    40.0973     0.0000     0.0000      0.2500     0.4375  1282.9451     2.1875
mama           1c_medium100         1  100     1.8780    57.8011     0.0000     0.0000      0.2500     0.4375  1282.9451     2.1875
mama           1c_medium100         1  100     2.0666    62.2496     0.0000     0.0000      0.2500     0.4375  1282.9451     2.1875
mama           1c_medium100         1  100     1.5873    54.4269     0.0000     0.0000      0.2500     0.4375  1282.9451     2.1875
mama           1c_medium100         1  100     1.5244    56.9655     0.0000     0.0000      0.2500     0.4375  1282.9451     2.1875
mama           2c_medium100         2  100     2.4649    52.1103     0.0000     0.0000      0.4375     0.4375  1510.0355     2.1875
mama           2c_medium100         2  100     2.3516    49.5965     0.0000     0.0000      0.4375     0.4375  1510.0355     2.1875
mama           2c_medium100         2  100     3.2335    76.6581     0.0000     0.0000      0.4375     0.4375  1510.0355     2.1875
mama           2c_medium100         2  100     3.3043    76.8217     0.0000     0.0000      0.4375     0.4375  1510.0355     2.1875
mama           2c_medium100         2  100     2.4242    76.9954     0.0000     0.0000      0.4375     0.4375  1510.0355     2.1875
mama           2c_medium100         2  100     2.4360    77.5254     0.0000     0.0000      0.4375     0.4375  1510.0355     2.1875
mama           3c_medium100         3  100     2.5447    51.1491     0.0000     0.0000      0.5781     0.4375  1503.2147     2.1875
mama           3c_medium100         3  100     2.5699    48.6866     0.0000     0.0000      0.5781     0.4375  1503.2147     2.1875
mama           3c_medium100         3  100     3.6775    72.7549     0.0000     0.0000      0.5781     0.4375  1503.2147     2.1875
mama           3c_medium100         3  100     3.9093    72.3937     0.0000     0.0000      0.5781     0.4375  1503.2147     2.1875
mama           3c_medium100         3  100     3.3396    72.0164     0.0000     0.0000      0.5781     0.4375  1503.2147     2.1875
mama           3c_medium100         3  100     3.3710    74.6915     0.0000     0.0000      0.5781     0.4375  1503.2147     2.1875
mama           2c_sparse200         2  200     1.7163    55.1628     0.0000     0.0000      0.4375     0.2500     2.1875  1240.7839
mama           2c_sparse200         2  200     2.1159    48.2491     0.0000     0.0000      0.4375     0.2500     2.1875  1240.7839
mama           2c_sparse200         2  200     3.2400    76.1655     0.0000     0.0000      0.4375     0.2500     2.1875  1240.7839
mama           2c_sparse200         2  200     2.7804    76.8699     0.0000     0.0000      0.4375     0.2500     2.1875  1240.7839
mama           2c_sparse200         2  200     3.0724    80.2519     0.0000     0.0000      0.4375     0.2500     2.1875  1240.7839
mama           2c_sparse200         2  200     3.0292    80.7772     0.0000     0.0000      0.4375     0.2500     2.1875  1240.7839
mama           2c_medium100_im      2  100     2.4649    52.1103     0.0000     0.0000      0.4375     0.4375     2.1875  1582.3613
mama           2c_medium100_im      2  100     2.3516    49.5965     0.0000     0.0000      0.4375     0.4375     2.1875  1582.3613
mama           2c_medium100_im      2  100     3.2335    76.6581     0.0000     0.0000      0.4375     0.4375     2.1875  1582.3613
mama           2c_medium100_im      2  100     3.3043    76.8217     0.0000     0.0000      0.4375     0.4375     2.1875  1582.3613
mama           2c_medium100_im      2  100     2.4242    76.9954     0.0000     0.0000      0.4375     0.4375     2.1875  1582.3613
mama           2c_medium100_im      2  100     2.4360    77.5254     0.0000     0.0000      0.4375     0.4375     2.1875  1582.3613
mama           2c_dense50           2   50     2.0791    55.3182     0.0000     0.0000      0.4375     0.6836     2.1875  1602.8534
mama           2c_dense50           2   50     2.1169    47.9213     0.0000     0.0000      0.4375     0.6836     2.1875  1602.8534
mama           2c_dense50           2   50     3.0057    75.5040     0.0000     0.0000      0.4375     0.6836     2.1875  1602.8534
mama           2c_dense50           2   50     2.8673    76.7495     0.0000     0.0000      0.4375     0.6836     2.1875  1602.8534
mama           2c_dense50           2   50     2.5224    74.5539     0.0000     0.0000      0.4375     0.6836     2.1875  1602.8534
mama           2c_dense50           2   50     2.4792    74.3548     0.0000     0.0000      0.4375     0.6836     2.1875  1602.8534
masleak        1c_medium100         1  100     0.0073     0.2120     0.0000     0.0000      0.2500     0.4375  1282.9451     2.1875
masleak        1c_medium100         1  100     0.0092     0.3668     0.0000     0.0000      0.2500     0.4375  1282.9451     2.1875
masleak        1c_medium100         1  100     0.0106     0.3638     0.0000     0.0000      0.2500     0.4375  1282.9451     2.1875
masleak        1c_medium100         1  100     0.0103     0.3977     0.0000     0.0000      0.2500     0.4375  1282.9451     2.1875
masleak        1c_medium100         1  100     0.0118     0.4087     0.0000     0.0000      0.2500     0.4375  1282.9451     2.1875
masleak        2c_medium100         2  100     0.0206     0.5290     0.0000     0.0000      0.4375     0.4375  1510.0355     2.1875
masleak        2c_medium100         2  100     0.0207     0.4286     0.0000     0.0000      0.4375     0.4375  1510.0355     2.1875
masleak        2c_medium100         2  100     0.0174     0.5101     0.0000     0.0000      0.4375     0.4375  1510.0355     2.1875
masleak        2c_medium100         2  100     0.0171     0.5120     0.0000     0.0000      0.4375     0.4375  1510.0355     2.1875
masleak        2c_medium100         2  100     0.0173     0.5305     0.0000     0.0000      0.4375     0.4375  1510.0355     2.1875
masleak        2c_medium100         2  100     0.0171     0.5189     0.0000     0.0000      0.4375     0.4375  1510.0355     2.1875
masleak        3c_medium100         3  100     0.0151     0.3655     0.0000     0.0000      0.5781     0.4375  1503.2147     2.1875
masleak        3c_medium100         3  100     0.0196     0.4789     0.0000     0.0000      0.5781     0.4375  1503.2147     2.1875
masleak        3c_medium100         3  100     0.0191     0.4709     0.0000     0.0000      0.5781     0.4375  1503.2147     2.1875
masleak        3c_medium100         3  100     0.0210     0.5126     0.0000     0.0000      0.5781     0.4375  1503.2147     2.1875
masleak        3c_medium100         3  100     0.0196     0.4823     0.0000     0.0000      0.5781     0.4375  1503.2147     2.1875
masleak        2c_sparse200         2  200     0.0186     0.3801     0.0000     0.0000      0.4375     0.2500     2.1875     0.2500
masleak        2c_sparse200         2  200     0.0159     0.4712     0.0000     0.0000      0.4375     0.2500     2.1875     0.2500
masleak        2c_sparse200         2  200     0.0165     0.4617     0.0000     0.0000      0.4375     0.2500     2.1875     0.2500
masleak        2c_sparse200         2  200     0.0162     0.4839     0.0000     0.0000      0.4375     0.2500     2.1875     0.2500
masleak        2c_sparse200         2  200     0.0171     0.4893     0.0000     0.0000      0.4375     0.2500     2.1875     0.2500
masleak        2c_medium100_im      2  100     0.0207     0.4286     0.0000     0.0000      0.4375     0.4375     2.1875     0.4375
masleak        2c_medium100_im      2  100     0.0174     0.5101     0.0000     0.0000      0.4375     0.4375     2.1875     0.4375
masleak        2c_medium100_im      2  100     0.0171     0.5120     0.0000     0.0000      0.4375     0.4375     2.1875     0.4375
masleak        2c_medium100_im      2  100     0.0173     0.5305     0.0000     0.0000      0.4375     0.4375     2.1875     0.4375
masleak        2c_medium100_im      2  100     0.0171     0.5189     0.0000     0.0000      0.4375     0.4375     2.1875     0.4375
masleak        2c_dense50           2   50     0.0226     0.5260     0.0000     0.0000      0.4375     0.6836     2.1875     0.6836
masleak        2c_dense50           2   50     0.0195     0.5644     0.0000     0.0000      0.4375     0.6836     2.1875     0.6836
masleak        2c_dense50           2   50     0.0195     0.5707     0.0000     0.0000      0.4375     0.6836     2.1875     0.6836
masleak        2c_dense50           2   50     0.0181     0.5560     0.0000     0.0000      0.4375     0.6836     2.1875     0.6836
masleak        2c_dense50           2   50     0.0190     0.5578     0.0000     0.0000      0.4375     0.6836     2.1875     0.6836
masleak        1c_medium100         1  100     0.0094     0.4583     0.0000     0.0000      0.2500     0.4375  1282.9451     2.1875
masleak        1c_medium100         1  100     0.0058     0.3061     0.0000     0.0000      0.2500     0.4375  1282.9451     2.1875
masleak        1c_medium100         1  100     0.0067     0.2952     0.0000     0.0000      0.2500     0.4375  1282.9451     2.1875
masleak        1c_medium100         1  100     0.0065     0.3439     0.0000     0.0000      0.2500     0.4375  1282.9451     2.1875
masleak        1c_medium100         1  100     0.0076     0.3548     0.0000     0.0000      0.2500     0.4375  1282.9451     2.1875
masleak        2c_medium100         2  100     0.0219     0.8200     0.0000     0.0000      0.4375     0.4375  1510.0355     2.1875
masleak        2c_medium100         2  100     0.0217     0.9343     0.0000     0.0000      0.4375     0.4375  1510.0355     2.1875
masleak        2c_medium100         2  100     0.0153     0.6952     0.0000     0.0000      0.4375     0.4375  1510.0355     2.1875
masleak        2c_medium100         2  100     0.0152     0.6960     0.0000     0.0000      0.4375     0.4375  1510.0355     2.1875
masleak        2c_medium100         2  100     0.0153     0.8064     0.0000     0.0000      0.4375     0.4375  1510.0355     2.1875
masleak        2c_medium100         2  100     0.0150     0.7975     0.0000     0.0000      0.4375     0.4375  1510.0355     2.1875
masleak        3c_medium100         3  100     0.0263     0.8239     0.0000     0.0000      0.5781     0.4375  1503.2147     2.1875
masleak        3c_medium100         3  100     0.0204     0.5840     0.0000     0.0000      0.5781     0.4375  1503.2147     2.1875
masleak        3c_medium100         3  100     0.0200     0.5643     0.0000     0.0000      0.5781     0.4375  1503.2147     2.1875
masleak        3c_medium100         3  100     0.0206     0.6350     0.0000     0.0000      0.5781     0.4375  1503.2147     2.1875
masleak        3c_medium100         3  100     0.0205     0.6391     0.0000     0.0000      0.5781     0.4375  1503.2147     2.1875
masleak        2c_sparse200         2  200     0.0195     0.9332     0.0000     0.0000      0.4375     0.2500     2.1875   992.9728
masleak        2c_sparse200         2  200     0.0147     0.6732     0.0000     0.0000      0.4375     0.2500     2.1875   992.9728
masleak        2c_sparse200         2  200     0.0149     0.5951     0.0000     0.0000      0.4375     0.2500     2.1875   992.9728
masleak        2c_sparse200         2  200     0.0148     0.8169     0.0000     0.0000      0.4375     0.2500     2.1875   992.9728
masleak        2c_sparse200         2  200     0.0153     0.8164     0.0000     0.0000      0.4375     0.2500     2.1875   992.9728
masleak        2c_medium100_im      2  100     0.0217     0.9343     0.0000     0.0000      0.4375     0.4375     2.1875  1084.1594
masleak        2c_medium100_im      2  100     0.0153     0.6952     0.0000     0.0000      0.4375     0.4375     2.1875  1084.1594
masleak        2c_medium100_im      2  100     0.0152     0.6960     0.0000     0.0000      0.4375     0.4375     2.1875  1084.1594
masleak        2c_medium100_im      2  100     0.0153     0.8064     0.0000     0.0000      0.4375     0.4375     2.1875  1084.1594
masleak        2c_medium100_im      2  100     0.0150     0.7975     0.0000     0.0000      0.4375     0.4375     2.1875  1084.1594
masleak        2c_dense50           2   50     0.0230     0.5934     0.0000     0.0000      0.4375     0.6836     2.1875   966.7884
masleak        2c_dense50           2   50     0.0166     0.7305     0.0000     0.0000      0.4375     0.6836     2.1875   966.7884
masleak        2c_dense50           2   50     0.0165     0.7210     0.0000     0.0000      0.4375     0.6836     2.1875   966.7884
masleak        2c_dense50           2   50     0.0155     0.7941     0.0000     0.0000      0.4375     0.6836     2.1875   966.7884
masleak        2c_dense50           2   50     0.0162     0.7965     0.0000     0.0000      0.4375     0.6836     2.1875   966.7884
toma           1c_medium100         1  100     0.0375     0.8539     0.0000     0.0000      0.2500     0.4375   856.2638     2.1875
toma           1c_medium100         1  100     0.0365     0.8534     0.0000     0.0000      0.2500     0.4375   856.2638     2.1875
toma           1c_medium100         1  100     0.0367     0.8539     0.0000     0.0000      0.2500     0.4375   856.2638     2.1875
toma           1c_medium100         1  100     0.0374     0.8506     0.0000     0.0000      0.2500     0.4375   856.2638     2.1875
toma           2c_medium100         2  100     0.0360     0.8456     0.0000     0.0000      0.4375     0.4375   904.0523     2.1875
toma           2c_medium100         2  100     0.0353     0.8410     0.0000     0.0000      0.4375     0.4375   904.0523     2.1875
toma           2c_medium100         2  100     0.0353     0.8415     0.0000     0.0000      0.4375     0.4375   904.0523     2.1875
toma           2c_medium100         2  100     0.0349     0.8460     0.0000     0.0000      0.4375     0.4375   904.0523     2.1875
toma           2c_medium100         2  100     0.0364     0.8444     0.0000     0.0000      0.4375     0.4375   904.0523     2.1875
toma           3c_medium100         3  100     0.0372     0.8570     0.0000     0.0000      0.5781     0.4375   855.3432     2.1875
toma           3c_medium100         3  100     0.0378     0.8551     0.0000     0.0000      0.5781     0.4375   855.3432     2.1875
toma           3c_medium100         3  100     0.0375     0.8571     0.0000     0.0000      0.5781     0.4375   855.3432     2.1875
toma           3c_medium100         3  100     0.0373     0.8543     0.0000     0.0000      0.5781     0.4375   855.3432     2.1875
toma           2c_sparse200         2  200     0.0311     0.8479     0.0000     0.0000      0.4375     0.2500     2.1875   992.9728
toma           2c_sparse200         2  200     0.0316     0.8347     0.0000     0.0000      0.4375     0.2500     2.1875   992.9728
toma           2c_sparse200         2  200     0.0316     0.8343     0.0000     0.0000      0.4375     0.2500     2.1875   992.9728
toma           2c_sparse200         2  200     0.0296     0.8287     0.0000     0.0000      0.4375     0.2500     2.1875   992.9728
toma           2c_sparse200         2  200     0.0317     0.8424     0.0000     0.0000      0.4375     0.2500     2.1875   992.9728
toma           2c_medium100_im      2  100     0.0360     0.8456     0.0000     0.0000      0.4375     0.4375     2.1875  1084.1594
toma           2c_medium100_im      2  100     0.0353     0.8410     0.0000     0.0000      0.4375     0.4375     2.1875  1084.1594
toma           2c_medium100_im      2  100     0.0353     0.8415     0.0000     0.0000      0.4375     0.4375     2.1875  1084.1594
toma           2c_medium100_im      2  100     0.0349     0.8460     0.0000     0.0000      0.4375     0.4375     2.1875  1084.1594
toma           2c_medium100_im      2  100     0.0364     0.8444     0.0000     0.0000      0.4375     0.4375     2.1875  1084.1594
toma           2c_dense50           2   50     0.0381     0.8207     0.0000     0.0000      0.4375     0.6836     2.1875   966.7884
toma           2c_dense50           2   50     0.0375     0.8199     0.0000     0.0000      0.4375     0.6836     2.1875   966.7884
toma           2c_dense50           2   50     0.0375     0.8198     0.0000     0.0000      0.4375     0.6836     2.1875   966.7884
toma           2c_dense50           2   50     0.0379     0.8195     0.0000     0.0000      0.4375     0.6836     2.1875   966.7884
toma           2c_dense50           2   50     0.0381     0.8206     0.0000     0.0000      0.4375     0.6836     2.1875   966.7884
master         1c_medium100         1  100     0.0335     0.8548     0.0000     0.0000      0.2500     0.4375  1428.5714     2.1875
master         1c_medium100         1  100     0.0312     0.9518     0.0000     0.0000      0.2500     0.4375  1428.5714     2.1875
master         1c_medium100         1  100     0.0336     0.9474     0.0000     0.0000      0.2500     0.4375  1428.5714     2.1875
master         2c_medium100         2  100     0.0356     0.8291     0.0000     0.0000      0.4375     0.4375  1750.0000     2.1875
master         2c_medium100         2  100     0.0340     0.9746     0.0000     0.0000      0.4375     0.4375  1750.0000     2.1875
master         2c_medium100         2  100     0.0345     0.9684     0.0000     0.0000      0.4375     0.4375  1750.0000     2.1875
master         3c_medium100         3  100     0.0395     0.8284     0.0000     0.0000      0.5781     0.4375  1778.8462     2.1875
master         3c_medium100         3  100     0.0382     0.9754     0.0000     0.0000      0.5781     0.4375  1778.8462     2.1875
master         3c_medium100         3  100     0.0378     0.9774     0.0000     0.0000      0.5781     0.4375  1778.8462     2.1875
master         2c_sparse200         2  200     0.0273     0.7681     0.0000     0.0000      0.4375     0.2500     2.1875  1240.7839
master         2c_sparse200         2  200     0.0168     0.9402     0.0000     0.0000      0.4375     0.2500     2.1875  1240.7839
master         2c_sparse200         2  200     0.0181     0.9415     0.0000     0.0000      0.4375     0.2500     2.1875  1240.7839
master         2c_medium100_im      2  100     0.0356     0.8291     0.0000     0.0000      0.4375     0.4375     2.1875  1582.3613
master         2c_medium100_im      2  100     0.0340     0.9746     0.0000     0.0000      0.4375     0.4375     2.1875  1582.3613
master         2c_medium100_im      2  100     0.0345     0.9684     0.0000     0.0000      0.4375     0.4375     2.1875  1582.3613
master         2c_dense50           2   50     0.0386     0.9647     0.0000     0.0000      0.4375     0.6836     2.1875  1602.8534
master         2c_dense50           2   50     0.0390     0.9937     0.0000     0.0000      0.4375     0.6836     2.1875  1602.8534
master         2c_dense50           2   50     0.0394     0.9936     0.0000     0.0000      0.4375     0.6836     2.1875  1602.8534

==============================================================
TABLE 1: Spearman-|ρ| correlations by metric direction
  tr = transient slope,  ss = steady-state mean
==============================================================
Row                    regime      E_U     E_I     R_U     R_I
--------------------------------------------------------------
Dissem U / kUI         tr        0.135       —   0.348       —
Dissem U / kUI         ss        0.512       —   0.512       —
--------------------------------------------------------------
Dissem I / kUI         tr        0.065       —   0.729       —
Dissem I / kUI         ss        0.505       —   0.505       —
--------------------------------------------------------------
Dissem U / rhoIM       tr            —   0.272       —   0.272
Dissem U / rhoIM       ss            —   0.238       —   0.238
--------------------------------------------------------------
Dissem I / rhoIM       tr            —   0.710       —   0.710
Dissem I / rhoIM       ss            —   0.472       —   0.472
--------------------------------------------------------------
Bidir-D U / kUI        tr        0.381       —   0.381       —
Bidir-D U / kUI        ss        0.786       —   0.786       —
--------------------------------------------------------------
Bidir-D I / kUI        tr        0.866       —   0.866       —
Bidir-D I / kUI        ss        0.812       —   0.812       —
--------------------------------------------------------------
Bidir-D U / rhoIM      tr            —   0.265       —   0.265
Bidir-D U / rhoIM      ss            —   0.170       —   0.170
--------------------------------------------------------------
Bidir-D I / rhoIM      tr            —   0.606       —   0.606
Bidir-D I / rhoIM      ss            —   0.945       —   0.945
--------------------------------------------------------------
Extract MAMA / kUI     tr        0.892       —   0.892       —
Extract MAMA / kUI     ss        0.275       —   0.511       —
--------------------------------------------------------------
Extract MAMA / rhoIM   tr            —   0.144       —   0.144
Extract MAMA / rhoIM   ss            —   0.302       —   0.302
--------------------------------------------------------------
Extract MSL / kUI      tr            —       —       —       —
Extract MSL / kUI      ss            —       —       —       —
--------------------------------------------------------------
Extract MSL / rhoIM    tr            —       —       —       —
Extract MSL / rhoIM    ss            —       —       —       —
--------------------------------------------------------------
Bidir-E / kUI          tr        0.567       —   0.895       —
Bidir-E / kUI          ss        0.367       —   0.629       —
--------------------------------------------------------------
Bidir-E / rhoIM        tr            —   0.948       —   0.948
Bidir-E / rhoIM        ss            —   0.067       —   0.775
--------------------------------------------------------------
